2026-05-29|0|184|168|139|0|0.1.2
2026-05-29|1|188|177|147|0|0.1.2
2026-05-29T20:22Z|1|196|177|147|0|0.1.2
2026-05-30T02:50Z|1|196|177|147|0|0.1.2
2026-05-30T08:25Z|1|196|176|151|0|0.1.2
2026-05-30T13:24Z|1|196|176|151|0|0.1.2
2026-05-30T19:10Z|1|196|176|151|0|0.1.2
2026-05-31T03:35Z|1|196|176|151|0|0.1.2
2026-05-31T08:42Z|1|196|176|151|0|0.1.2
2026-05-31T13:40Z|2|196|176|151|0|0.1.2
2026-05-31T19:13Z|2|196|176|151|0|0.1.2
2026-06-01T03:48Z|2|196|176|151|0|0.1.2
2026-06-01T11:28Z|2|196|178|153|0|0.1.2
2026-06-01T17:34Z|2|216|178|153|0|0.1.2
2026-06-01T21:30Z|2|216|178|153|0|0.1.2
2026-06-02T03:42Z|2|216|178|153|0|0.1.2
2026-06-02T10:20Z|2|216|178|153|0|0.1.2
2026-06-02T16:19Z|2|224|178|153|0|0.1.2
2026-06-02T20:45Z|2|226|178|153|0|0.1.2
2026-06-03T03:52Z|2|226|178|153|0|0.1.2
2026-06-03T10:54Z|2|226|2558|499|0|0.1.2
2026-06-03T16:44Z|2|226|2558|499|0|0.1.2
2026-06-03T20:53Z|2|226|2558|499|0|0.1.2
2026-06-04T03:45Z|2|226|2558|499|0|0.1.2
2026-06-04T09:53Z|2|226|2558|499|0|0.1.2
2026-06-04T14:54Z|2|226|2558|499|0|0.1.2
2026-06-04T20:03Z|2|226|2558|499|0|0.1.2
2026-06-05T03:32Z|2|226|2558|499|0|0.1.2
2026-06-05T09:42Z|2|226|2558|499|0|0.1.2
2026-06-05T14:45Z|2|226|2558|499|0|0.1.2
2026-06-05T19:51Z|2|226|2558|499|0|0.1.2
2026-06-06T02:53Z|2|226|2558|499|0|0.1.2
2026-06-06T08:31Z|2|226|2558|499|0|0.1.2
2026-06-06T13:27Z|2|226|2558|499|0|0.1.2
2026-06-06T19:18Z|2|226|2558|499|0|0.1.2
2026-06-07T03:38Z|2|226|2558|499|0|0.1.2
2026-06-07T08:53Z|2|226|2558|499|0|0.1.2
2026-06-07T13:48Z|2|226|2558|499|0|0.1.2
2026-06-07T19:19Z|2|228|2558|499|0|0.1.2
2026-06-08T03:44Z|2|228|2558|499|0|0.1.2
2026-06-08T10:48Z|2|230|2558|499|0|0.1.2
2026-06-08T15:45Z|2|234|2558|499|0|0.1.2
2026-06-08T20:11Z|2|234|2558|499|0|0.1.2
2026-06-09T02:52Z|2|234|2558|499|0|0.1.2
2026-06-09T09:38Z|2|234|2558|499|0|0.1.2
2026-06-09T14:45Z|2|234|2558|499|0|0.1.2
2026-06-09T20:04Z|2|236|2558|499|0|0.1.2
2026-06-10T03:30Z|2|236|2558|499|0|0.1.2
2026-06-10T09:55Z|2|236|2558|499|0|0.1.2
2026-06-10T15:29Z|2|236|2558|499|0|0.1.2
2026-06-10T20:26Z|2|236|2558|499|0|0.1.2
2026-06-11T03:42Z|2|236|2558|499|0|0.1.2
2026-06-11T10:22Z|2|238|2558|499|0|0.1.2
2026-06-11T15:55Z|2|238|2558|499|0|0.1.2
2026-06-11T20:21Z|2|238|2558|499|0|0.1.2
2026-06-12T03:41Z|2|238|2558|499|0|0.1.2
2026-06-12T10:07Z|2|238|2271|28|0|0.1.2
2026-06-12T14:53Z|2|238|2271|28|0|0.1.2
2026-06-12T20:07Z|2|238|2271|28|0|0.1.2
2026-06-13T03:30Z|2|238|2271|28|0|0.1.2
2026-06-13T08:54Z|2|238|2271|28|0|0.1.2
2026-06-13T13:54Z|2|238|2060|17|0|0.1.2
2026-06-13T19:22Z|2|238|2060|17|0|0.1.2
2026-06-14T03:46Z|2|238|2060|17|0|0.1.2
2026-06-14T09:30Z|2|240|1664|17|0|0.1.2
2026-06-14T13:57Z|2|240|1664|17|0|0.1.2
2026-06-14T19:23Z|2|242|1664|17|0|0.1.2
2026-06-15T04:01Z|2|242|1664|17|0|0.1.2
2026-06-15T11:59Z|2|242|1088|14|0|0.1.2
2026-06-15T17:25Z|2|242|1088|14|0|0.1.2
2026-06-15T20:53Z|2|242|1088|14|0|0.1.2
2026-06-16T03:52Z|2|242|1088|14|0|0.1.2
2026-06-16T11:06Z|2|244|796|20|0|0.1.2
2026-06-16T16:46Z|2|244|796|20|0|0.1.2
2026-06-16T20:47Z|2|244|796|20|0|0.1.2
2026-06-17T03:53Z|2|244|796|20|0|0.1.2
2026-06-17T10:50Z|2|246|809|21|0|0.1.2
2026-06-17T15:21Z|2|246|809|21|0|0.1.2
2026-06-17T20:09Z|2|246|809|21|0|0.1.2
2026-06-18T03:40Z|2|246|809|21|0|0.1.2
2026-06-18T10:17Z|2|246|829|12|0|0.1.2
2026-06-18T15:18Z|2|246|829|12|0|0.1.2
2026-06-18T20:22Z|2|246|829|12|0|0.1.2
2026-06-19T04:04Z|2|248|829|12|0|0.1.2
2026-06-19T10:22Z|2|248|435|10|0|0.1.2
2026-06-19T15:09Z|2|248|435|10|0|0.1.2
2026-06-19T19:46Z|2|248|435|10|0|0.1.2
2026-06-20T03:27Z|2|248|435|10|0|0.1.2
2026-06-20T08:51Z|2|248|242|15|0|0.1.2
2026-06-20T13:57Z|2|248|242|15|0|0.1.2
2026-06-20T19:22Z|2|248|242|15|0|0.1.2
2026-06-21T03:57Z|2|248|242|15|0|0.1.2
2026-06-21T09:46Z|2|248|247|20|0|0.1.2
2026-06-21T14:05Z|2|248|247|20|0|0.1.2
2026-06-21T19:26Z|2|248|247|20|0|0.1.2
2026-06-22T03:58Z|2|248|247|20|0|0.1.2
2026-06-22T11:49Z|2|248|233|19|0|0.1.2
2026-06-22T16:51Z|2|248|233|19|0|0.1.2
2026-06-22T20:43Z|2|248|233|19|0|0.1.2
2026-06-23T02:57Z|2|248|233|19|0|0.1.2
2026-06-23T09:34Z|2|248|233|19|0|0.1.2
2026-06-23T14:43Z|2|248|150|12|0|0.1.2
2026-06-23T19:59Z|2|248|150|12|0|0.1.2
2026-06-24T02:57Z|2|248|150|12|0|0.1.2
2026-06-24T09:23Z|2|250|150|12|0|0.1.2
2026-06-24T14:28Z|2|250|109|21|0|0.1.2
2026-06-24T19:42Z|2|250|109|21|0|0.1.2
2026-06-25T02:56Z|2|250|109|21|0|0.1.2
2026-06-25T08:58Z|2|252|109|21|0|0.1.2
2026-06-25T14:27Z|2|252|89|25|0|0.1.2
2026-06-25T19:56Z|2|252|89|25|0|0.1.2
2026-06-26T03:28Z|2|252|89|25|0|0.1.2
2026-06-26T09:21Z|2|252|89|25|0|0.1.2
2026-06-26T14:20Z|2|252|89|25|0|0.1.2
2026-06-26T19:43Z|2|252|89|25|0|0.1.2
2026-06-27T02:52Z|2|252|89|25|0|0.1.2
2026-06-27T08:33Z|2|252|89|25|0|0.1.2
2026-06-27T13:27Z|2|252|82|22|0|0.1.2
2026-06-27T19:17Z|2|252|82|22|0|0.1.2
2026-06-28T03:34Z|2|252|82|22|0|0.1.2
2026-06-28T08:48Z|2|252|59|21|0|0.1.2
2026-06-28T13:41Z|2|252|59|21|0|0.1.2
2026-06-28T19:15Z|2|254|59|21|0|0.1.2
2026-06-29T03:39Z|2|264|59|21|0|0.1.2
2026-06-29T10:52Z|2|264|59|23|0|0.1.2
2026-06-29T15:41Z|2|264|59|23|0|0.1.2
2026-06-29T19:53Z|2|264|59|23|0|0.1.2
2026-06-30T03:26Z|2|264|59|23|0|0.1.2
2026-06-30T09:29Z|2|264|59|23|0|0.1.2
2026-06-30T14:13Z|2|266|59|23|0|0.1.2
2026-06-30T19:51Z|2|266|59|23|0|0.1.2
2026-07-01T03:35Z|2|266|59|23|0|0.1.2
2026-07-01T09:41Z|2|268|59|23|0|0.1.2
2026-07-01T14:29Z|2|270|59|23|0|0.1.2
2026-07-01T19:51Z|2|270|59|23|0|0.1.2
2026-07-02T02:59Z|2|272|59|23|0|0.1.2
2026-07-02T08:52Z|2|272|59|23|0|0.1.2
2026-07-02T13:53Z|2|274|59|23|0|0.1.2
2026-07-02T19:20Z|2|274|59|23|0|0.1.2
2026-07-03T02:43Z|2|274|59|23|0|0.1.2
2026-07-03T08:58Z|2|274|59|23|0|0.1.2
2026-07-03T13:57Z|2|274|35|14|0|0.1.2
2026-07-03T19:17Z|2|274|35|14|0|0.1.2
2026-07-04T02:39Z|2|278|35|14|0|0.1.2
2026-07-04T08:33Z|2|278|35|14|0|0.1.2
2026-07-04T13:18Z|2|278|35|14|0|0.1.2
2026-07-04T19:07Z|2|278|35|14|0|0.1.2
2026-07-05T02:50Z|2|278|35|14|0|0.1.2
2026-07-05T08:49Z|2|278|93|8|0|0.1.2
2026-07-05T13:25Z|2|278|93|8|0|0.1.2
2026-07-05T19:13Z|2|278|93|8|0|0.1.2
2026-07-06T02:56Z|2|278|93|8|0|0.1.2
2026-07-06T10:14Z|2|278|101|9|0|0.1.2
2026-07-06T15:25Z|2|278|101|9|0|0.1.2
2026-07-06T19:52Z|2|278|101|9|0|0.1.2
2026-07-07T02:50Z|2|278|101|9|0|0.1.2
2026-07-07T09:36Z|2|278|101|9|0|0.1.2
2026-07-07T14:27Z|2|278|101|9|0|0.1.2
2026-07-07T19:51Z|2|278|101|9|0|0.1.2
2026-07-08T02:28Z|2|278|101|9|0|0.1.2
2026-07-08T08:23Z|2|280|101|9|0|0.1.2
2026-07-08T13:58Z|2|280|101|9|0|0.1.2
2026-07-08T19:21Z|2|280|101|9|0|0.1.2
2026-07-09T02:43Z|2|280|101|9|0|0.1.2
2026-07-09T09:34Z|2|280|101|9|0|0.1.2
2026-07-09T14:52Z|2|280|127|15|0|0.1.2
2026-07-09T19:41Z|2|280|127|15|0|0.1.2
2026-07-10T02:46Z|2|280|127|15|0|0.1.2
2026-07-10T09:30Z|2|280|127|15|0|0.1.2
2026-07-10T14:19Z|2|280|127|15|0|0.1.2
2026-07-10T19:23Z|2|280|127|15|0|0.1.2
2026-07-11T02:25Z|2|280|127|15|0|0.1.2
2026-07-11T07:51Z|2|280|127|15|0|0.1.2
2026-07-11T13:12Z|2|282|146|18|0|0.1.2
2026-07-11T18:58Z|2|282|146|18|0|0.1.2
2026-07-12T02:30Z|2|284|146|18|0|0.1.2
2026-07-12T08:12Z|2|284|142|18|0|0.1.2
2026-07-12T13:14Z|2|284|142|18|0|0.1.2
2026-07-12T19:01Z|2|286|142|18|0|0.1.2
2026-07-13T09:20Z|2|288|142|18|0|0.1.2
2026-07-13T14:29Z|2|288|142|18|0|0.1.2
2026-07-13T19:20Z|2|288|142|18|0|0.1.2
2026-07-14T02:11Z|2|288|142|18|0|0.1.2
2026-07-14T07:58Z|2|288|142|18|0|0.1.2
2026-07-14T13:28Z|2|288|131|12|0|0.1.2
2026-07-14T19:15Z|2|288|131|12|0|0.1.2
2026-07-15T02:09Z|2|288|131|12|0|0.1.2
2026-07-15T08:04Z|2|290|131|12|0|0.1.2
2026-07-15T13:38Z|2|290|130|11|0|0.1.2
2026-07-15T19:06Z|2|290|130|11|0|0.1.2
2026-07-16T02:23Z|2|290|130|11|0|0.1.2
2026-07-16T08:08Z|2|290|130|11|0|0.1.2
2026-07-16T13:44Z|2|290|147|10|0|0.1.2
2026-07-16T19:05Z|2|290|147|10|0|0.1.2
2026-07-17T02:25Z|2|290|147|10|0|0.1.2
2026-07-17T08:05Z|2|290|147|10|0|0.1.2
2026-07-17T13:21Z|2|290|139|10|0|0.1.2
2026-07-17T19:03Z|2|290|139|10|0|0.1.2
2026-07-18T02:10Z|2|290|139|10|0|0.1.2
2026-07-18T07:44Z|2|290|139|10|0|0.1.2
2026-07-18T13:08Z|2|290|61|1|0|0.1.2
2026-07-18T18:59Z|2|292|61|1|0|0.1.2
2026-07-19T02:27Z|2|292|61|1|0|0.1.2
2026-07-19T08:12Z|2|292|51|1|0|0.1.2
2026-07-19T13:12Z|2|292|51|1|0|0.1.2
2026-07-19T19:02Z|2|292|51|1|0|0.1.2
2026-07-20T02:43Z|2|292|51|1|0|0.1.2
2026-07-20T08:53Z|2|292|52|1|0|0.1.2
2026-07-20T14:00Z|2|292|52|1|0|0.1.2
2026-07-20T19:40Z|2|292|52|1|0|0.1.2
2026-07-21T02:26Z|2|292|52|1|0|0.1.2
2026-07-21T08:24Z|2|292|52|1|0|0.1.2
2026-07-21T13:43Z|2|292|50|0|0|0.1.2
2026-07-21T19:17Z|2|292|50|0|0|0.1.2
2026-07-22T02:25Z|2|292|50|0|0|0.1.2
2026-07-22T08:23Z|2|294|50|0|0|0.1.2
2026-07-22T13:45Z|2|294|50|1|0|0.1.2
